194   0.2163
122   0.2172
097   0.2208
139   0.2219
146   0.2243
043   0.2252
063   0.2269
100   0.2272
047   0.2284
091   0.2306
135   0.2307
168   0.2323
162   0.2336
111   0.2337
086   0.2338
149   0.2340
199   0.2361
132   0.2365
131   0.2392
081   0.2395
036   0.2396
004   0.2419
167   0.2428
001   0.2431
028   0.2436
095   0.2436
114   0.2448
069   0.2449
184   0.2459
104   0.2460
182   0.2465
165   0.2467
040   0.2470
187   0.2471
020   0.2483
005   0.2488
133   0.2488
018   0.2495
046   0.2501
181   0.2501
143   0.2503
012   0.2509
042   0.2510
007   0.2512
106   0.2520
038   0.2533
152   0.2533
041   0.2534
071   0.2537
059   0.2546
102   0.2546
062   0.2548
192   0.2548
170   0.2549
128   0.2554
126   0.2555
053   0.2556
116   0.2558
045   0.2560
130   0.2561
108   0.2562
120   0.2563
003   0.2567
178   0.2570
030   0.2573
115   0.2573
105   0.2577
054   0.2590
039   0.2605
125   0.2608
121   0.2609
073   0.2610
083   0.2612
185   0.2613
175   0.2617
060   0.2624
110   0.2625
075   0.2627
033   0.2628
049   0.2629
013   0.2630
087   0.2638
099   0.2639
124   0.2641
079   0.2641
025   0.2642
037   0.2644
076   0.2646
050   0.2647
140   0.2650
189   0.2651
082   0.2653
177   0.2654
031   0.2654
160   0.2656
056   0.2658
090   0.2659
103   0.2661
169   0.2661
113   0.2662
164   0.2676
052   0.2682
118   0.2685
026   0.2687
123   0.2690
147   0.2693
173   0.2696
188   0.2698
088   0.2699
174   0.2706
191   0.2707
136   0.2710
156   0.2711
112   0.2713
183   0.2718
006   0.2720
180   0.2720
009   0.2720
077   0.2722
150   0.2723
034   0.2724
154   0.2724
032   0.2725
011   0.2726
092   0.2732
070   0.2733
084   0.2734
074   0.2738
072   0.2740
002   0.2743
163   0.2745
066   0.2745
055   0.2748
134   0.2750
107   0.2750
021   0.2761
142   0.2770
000   0.2772
171   0.2780
029   0.2788
137   0.2790
051   0.2792
022   0.2795
153   0.2804
064   0.2809
172   0.2813
127   0.2815
048   0.2821
080   0.2823
061   0.2823
065   0.2831
101   0.2831
109   0.2832
058   0.2833
117   0.2835
035   0.2842
017   0.2859
014   0.2866
186   0.2870
008   0.2876
195   0.2893
155   0.2894
176   0.2896
158   0.2903
024   0.2908
096   0.2909
159   0.2913
057   0.2924
148   0.2929
129   0.2930
089   0.2932
023   0.2939
190   0.2941
068   0.2942
179   0.2944
166   0.2945
144   0.2945
067   0.2948
010   0.2951
016   0.2955
015   0.2979
198   0.2980
085   0.2983
019   0.2994
138   0.3007
094   0.3008
093   0.3011
196   0.3038
119   0.3041
141   0.3065
157   0.3073
197   0.3114
098   0.3125
078   0.3129
161   0.3135
044   0.3217
145   0.3278
151   0.3287
193   0.3303
027   0.3376
