145   0.1541
078   0.1571
115   0.1572
106   0.1581
077   0.1584
107   0.1590
024   0.1590
174   0.1590
111   0.1590
175   0.1594
000   0.1595
127   0.1599
013   0.1601
075   0.1603
133   0.1610
137   0.1613
147   0.1614
144   0.1614
072   0.1615
152   0.1616
028   0.1617
166   0.1618
044   0.1620
165   0.1620
084   0.1621
164   0.1622
051   0.1625
086   0.1627
088   0.1630
083   0.1630
029   0.1631
016   0.1632
191   0.1632
015   0.1634
082   0.1638
020   0.1638
196   0.1639
091   0.1640
050   0.1640
134   0.1640
149   0.1641
053   0.1643
101   0.1644
097   0.1647
103   0.1648
122   0.1648
118   0.1650
192   0.1654
092   0.1656
173   0.1656
067   0.1660
121   0.1661
033   0.1662
126   0.1662
170   0.1664
002   0.1666
027   0.1668
193   0.1671
131   0.1672
179   0.1673
069   0.1674
005   0.1674
104   0.1678
036   0.1679
070   0.1682
168   0.1683
060   0.1687
034   0.1689
178   0.1690
012   0.1691
032   0.1691
093   0.1694
154   0.1696
054   0.1696
074   0.1696
001   0.1696
010   0.1698
135   0.1698
081   0.1701
142   0.1705
148   0.1705
071   0.1707
160   0.1707
188   0.1709
187   0.1711
161   0.1712
163   0.1713
198   0.1714
045   0.1714
057   0.1714
023   0.1717
064   0.1717
181   0.1718
129   0.1718
094   0.1724
087   0.1725
022   0.1725
139   0.1729
052   0.1730
183   0.1731
073   0.1733
108   0.1733
124   0.1734
080   0.1735
172   0.1736
025   0.1736
038   0.1741
194   0.1741
117   0.1742
130   0.1744
014   0.1748
079   0.1752
136   0.1752
056   0.1752
169   0.1753
153   0.1754
199   0.1755
167   0.1758
085   0.1763
026   0.1765
037   0.1769
156   0.1770
125   0.1770
100   0.1773
155   0.1773
116   0.1773
049   0.1775
177   0.1779
151   0.1780
061   0.1780
143   0.1782
189   0.1786
190   0.1787
039   0.1788
047   0.1788
176   0.1790
008   0.1796
158   0.1797
113   0.1797
041   0.1798
043   0.1800
019   0.1808
018   0.1823
095   0.1823
076   0.1827
063   0.1835
197   0.1846
021   0.1856
009   0.1858
089   0.1864
159   0.1866
105   0.1869
102   0.1870
048   0.1877
128   0.1885
096   0.1890
185   0.1891
004   0.1909
150   0.1910
066   0.1911
003   0.1926
110   0.1931
186   0.1934
042   0.1944
055   0.1948
171   0.1952
184   0.1955
068   0.1975
046   0.1976
062   0.1977
007   0.1977
112   0.1983
123   0.1985
120   0.1988
141   0.1988
059   0.1993
138   0.1994
195   0.1998
030   0.1999
180   0.2009
157   0.2011
162   0.2016
065   0.2020
017   0.2024
090   0.2030
146   0.2037
031   0.2056
098   0.2064
119   0.2064
132   0.2072
058   0.2077
182   0.2082
140   0.2096
109   0.2104
006   0.2110
040   0.2114
035   0.2120
114   0.2144
099   0.2153
011   0.2282
