048   0.1612
080   0.1624
029   0.1627
015   0.1631
114   0.1639
101   0.1639
023   0.1644
198   0.1654
085   0.1654
177   0.1663
167   0.1666
031   0.1668
140   0.1688
068   0.1691
027   0.1693
028   0.1694
185   0.1696
119   0.1703
022   0.1705
152   0.1706
084   0.1708
089   0.1709
087   0.1710
011   0.1711
097   0.1712
182   0.1712
033   0.1713
051   0.1716
098   0.1717
007   0.1718
151   0.1723
171   0.1725
016   0.1730
081   0.1742
122   0.1743
135   0.1744
046   0.1744
052   0.1745
173   0.1752
057   0.1758
094   0.1759
165   0.1762
008   0.1762
002   0.1764
036   0.1768
166   0.1769
108   0.1775
129   0.1777
034   0.1777
110   0.1778
117   0.1779
025   0.1779
038   0.1781
107   0.1781
141   0.1785
136   0.1788
112   0.1788
156   0.1793
067   0.1799
006   0.1799
050   0.1801
121   0.1805
076   0.1808
003   0.1817
178   0.1817
014   0.1820
181   0.1827
064   0.1830
148   0.1832
074   0.1833
054   0.1834
115   0.1835
066   0.1837
078   0.1837
092   0.1837
172   0.1841
113   0.1843
069   0.1847
082   0.1848
125   0.1849
134   0.1853
026   0.1853
147   0.1853
154   0.1855
062   0.1857
163   0.1860
104   0.1862
095   0.1863
184   0.1866
145   0.1871
017   0.1873
133   0.1874
191   0.1878
144   0.1882
024   0.1888
116   0.1894
045   0.1897
192   0.1901
053   0.1903
039   0.1909
056   0.1917
021   0.1923
118   0.1926
159   0.1938
088   0.1943
194   0.1946
010   0.1962
143   0.1965
131   0.1977
126   0.1977
083   0.1978
103   0.1982
049   0.1984
130   0.1985
183   0.1991
079   0.1995
124   0.2004
157   0.2010
061   0.2011
195   0.2012
158   0.2013
040   0.2018
199   0.2019
013   0.2022
044   0.2022
105   0.2025
000   0.2027
186   0.2028
189   0.2035
139   0.2035
100   0.2037
176   0.2039
075   0.2042
153   0.2044
196   0.2044
009   0.2044
137   0.2045
058   0.2058
120   0.2058
146   0.2059
030   0.2062
169   0.2062
059   0.2073
070   0.2083
037   0.2083
161   0.2087
174   0.2096
106   0.2103
020   0.2103
093   0.2112
180   0.2114
055   0.2118
063   0.2123
162   0.2126
138   0.2131
072   0.2133
077   0.2138
197   0.2139
071   0.2152
001   0.2164
175   0.2165
065   0.2167
042   0.2168
142   0.2169
060   0.2169
041   0.2172
012   0.2172
160   0.2172
128   0.2187
155   0.2189
109   0.2192
005   0.2194
150   0.2196
170   0.2200
032   0.2200
096   0.2206
043   0.2213
187   0.2224
190   0.2235
127   0.2239
179   0.2245
019   0.2254
090   0.2276
099   0.2290
035   0.2293
168   0.2297
004   0.2298
073   0.2305
188   0.2311
091   0.2329
193   0.2346
047   0.2348
149   0.2369
164   0.2387
123   0.2406
018   0.2417
132   0.2420
086   0.2514
102   0.2515
111   0.2542
