174   0.1666
127   0.1678
178   0.1681
033   0.1683
121   0.1689
148   0.1690
070   0.1694
035   0.1702
048   0.1705
079   0.1710
137   0.1718
038   0.1720
010   0.1725
020   0.1726
034   0.1728
101   0.1729
120   0.1731
098   0.1733
164   0.1734
179   0.1735
036   0.1736
168   0.1739
103   0.1740
040   0.1742
196   0.1742
123   0.1744
005   0.1747
132   0.1749
115   0.1751
066   0.1751
104   0.1753
081   0.1755
004   0.1755
050   0.1755
000   0.1762
007   0.1762
161   0.1764
197   0.1764
073   0.1767
097   0.1769
093   0.1770
042   0.1771
056   0.1773
113   0.1773
027   0.1781
006   0.1783
017   0.1784
086   0.1792
169   0.1792
025   0.1792
152   0.1793
028   0.1795
047   0.1796
116   0.1800
184   0.1804
100   0.1804
099   0.1805
192   0.1806
057   0.1806
074   0.1808
021   0.1809
060   0.1811
173   0.1813
144   0.1813
198   0.1815
046   0.1818
181   0.1818
054   0.1820
037   0.1823
090   0.1825
084   0.1831
085   0.1831
030   0.1832
108   0.1835
146   0.1837
009   0.1837
080   0.1838
011   0.1840
155   0.1846
130   0.1847
075   0.1848
055   0.1849
151   0.1850
170   0.1850
008   0.1851
159   0.1855
077   0.1858
092   0.1861
023   0.1861
194   0.1862
016   0.1863
031   0.1866
193   0.1866
043   0.1870
049   0.1872
166   0.1873
107   0.1875
065   0.1876
126   0.1876
106   0.1877
117   0.1878
094   0.1880
162   0.1882
185   0.1883
143   0.1889
160   0.1889
182   0.1891
078   0.1891
114   0.1897
012   0.1899
029   0.1900
032   0.1900
190   0.1902
135   0.1904
063   0.1907
163   0.1907
053   0.1913
189   0.1913
177   0.1913
145   0.1916
124   0.1916
188   0.1918
171   0.1919
022   0.1920
156   0.1923
176   0.1923
044   0.1924
105   0.1925
013   0.1929
140   0.1929
128   0.1930
102   0.1931
122   0.1931
165   0.1937
041   0.1938
199   0.1938
069   0.1941
129   0.1945
091   0.1948
076   0.1950
002   0.1954
014   0.1963
119   0.1964
026   0.1983
157   0.1984
061   0.1987
109   0.2007
167   0.2011
083   0.2012
150   0.2013
131   0.2018
001   0.2019
039   0.2028
186   0.2033
089   0.2034
158   0.2037
003   0.2037
015   0.2039
058   0.2049
068   0.2050
175   0.2052
110   0.2055
071   0.2057
045   0.2064
052   0.2071
180   0.2086
019   0.2088
051   0.2096
096   0.2097
172   0.2097
067   0.2117
111   0.2117
183   0.2120
136   0.2127
082   0.2129
147   0.2136
064   0.2151
088   0.2153
142   0.2162
112   0.2167
087   0.2187
095   0.2219
195   0.2221
149   0.2263
187   0.2281
153   0.2289
139   0.2312
138   0.2317
134   0.2385
072   0.2484
062   0.2508
024   0.2644
018   0.2688
