067   0.2351
053   0.2370
011   0.2374
009   0.2376
144   0.2377
101   0.2378
066   0.2385
028   0.2385
075   0.2389
172   0.2389
000   0.2390
127   0.2390
026   0.2391
133   0.2391
041   0.2391
185   0.2394
024   0.2395
134   0.2401
173   0.2407
021   0.2409
171   0.2410
012   0.2413
128   0.2420
178   0.2420
180   0.2420
051   0.2421
003   0.2423
163   0.2423
143   0.2424
114   0.2426
154   0.2427
156   0.2428
044   0.2430
176   0.2432
151   0.2432
159   0.2433
147   0.2433
135   0.2433
198   0.2435
034   0.2435
125   0.2437
195   0.2437
071   0.2438
073   0.2438
139   0.2438
192   0.2439
061   0.2439
155   0.2441
177   0.2441
109   0.2443
047   0.2443
054   0.2443
057   0.2443
023   0.2444
002   0.2445
055   0.2445
037   0.2445
069   0.2446
017   0.2451
018   0.2451
118   0.2451
104   0.2453
035   0.2453
183   0.2454
170   0.2455
031   0.2455
052   0.2456
194   0.2456
197   0.2456
095   0.2457
102   0.2457
084   0.2457
097   0.2458
196   0.2458
175   0.2458
167   0.2460
168   0.2460
076   0.2460
029   0.2461
077   0.2461
091   0.2461
093   0.2461
080   0.2463
081   0.2463
074   0.2464
181   0.2465
182   0.2469
149   0.2469
064   0.2469
027   0.2470
059   0.2472
060   0.2472
115   0.2472
107   0.2473
105   0.2474
103   0.2476
189   0.2477
140   0.2478
157   0.2480
116   0.2480
014   0.2481
033   0.2482
096   0.2482
123   0.2484
013   0.2485
126   0.2486
108   0.2486
019   0.2486
008   0.2487
078   0.2487
082   0.2487
148   0.2487
049   0.2488
043   0.2488
030   0.2489
098   0.2489
132   0.2489
110   0.2491
165   0.2492
100   0.2493
007   0.2495
039   0.2495
187   0.2495
164   0.2496
036   0.2497
010   0.2498
169   0.2498
160   0.2499
121   0.2499
152   0.2499
188   0.2503
016   0.2504
199   0.2507
079   0.2508
111   0.2508
162   0.2511
120   0.2511
119   0.2511
058   0.2513
072   0.2517
086   0.2518
087   0.2518
090   0.2520
092   0.2521
065   0.2521
001   0.2524
004   0.2524
020   0.2524
193   0.2533
048   0.2534
083   0.2535
174   0.2539
062   0.2542
063   0.2542
045   0.2543
015   0.2545
179   0.2549
050   0.2550
136   0.2551
099   0.2551
040   0.2553
025   0.2553
142   0.2558
068   0.2564
122   0.2567
146   0.2571
046   0.2571
056   0.2580
153   0.2582
186   0.2582
131   0.2584
022   0.2584
089   0.2592
129   0.2592
138   0.2594
141   0.2599
006   0.2601
184   0.2604
032   0.2621
085   0.2632
094   0.2635
137   0.2638
112   0.2644
113   0.2644
005   0.2658
088   0.2699
145   0.2704
150   0.2727
106   0.2743
158   0.2820
191   0.2944
070   0.2966
038   0.3008
130   0.3032
190   0.3352
124   0.3360
161   0.3368
166   0.3378
042   0.3386
117   0.4410
