045   0.1753
074   0.2091
155   0.2134
110   0.2170
039   0.2174
181   0.2184
118   0.2228
171   0.2235
032   0.2238
188   0.2242
053   0.2249
010   0.2253
047   0.2271
015   0.2271
098   0.2288
160   0.2295
038   0.2302
083   0.2334
137   0.2356
198   0.2366
054   0.2373
067   0.2410
187   0.2426
172   0.2430
111   0.2459
022   0.2470
058   0.2472
112   0.2479
185   0.2481
035   0.2489
186   0.2490
040   0.2499
192   0.2506
154   0.2518
079   0.2523
117   0.2523
177   0.2537
106   0.2550
087   0.2564
056   0.2575
081   0.2582
189   0.2596
179   0.2610
121   0.2614
055   0.2620
060   0.2626
088   0.2639
048   0.2642
140   0.2672
052   0.2674
097   0.2676
113   0.2689
128   0.2720
146   0.2729
173   0.2734
001   0.2743
102   0.2744
164   0.2750
120   0.2756
191   0.2774
021   0.2777
134   0.2783
147   0.2786
096   0.2790
044   0.2809
061   0.2809
078   0.2813
004   0.2817
101   0.2820
092   0.2820
162   0.2822
086   0.2823
006   0.2835
002   0.2837
136   0.2840
023   0.2856
124   0.2870
193   0.2880
129   0.2882
037   0.2894
197   0.2894
071   0.2902
161   0.2925
089   0.2926
080   0.2926
176   0.2938
127   0.2948
123   0.2959
196   0.2962
029   0.2979
042   0.2985
077   0.2995
190   0.2998
069   0.2998
150   0.3004
131   0.3008
105   0.3031
005   0.3048
034   0.3067
073   0.3068
138   0.3071
100   0.3075
139   0.3098
003   0.3107
166   0.3132
082   0.3136
144   0.3141
085   0.3174
122   0.3177
070   0.3177
159   0.3185
130   0.3192
168   0.3195
025   0.3199
014   0.3222
163   0.3234
107   0.3250
090   0.3288
000   0.3298
115   0.3299
170   0.3300
114   0.3301
094   0.3305
033   0.3318
020   0.3325
178   0.3328
175   0.3334
199   0.3338
116   0.3363
135   0.3369
095   0.3374
195   0.3381
182   0.3392
152   0.3393
028   0.3405
062   0.3418
030   0.3443
064   0.3445
057   0.3466
109   0.3476
091   0.3487
104   0.3504
068   0.3505
158   0.3510
075   0.3547
016   0.3551
142   0.3554
145   0.3556
143   0.3569
148   0.3576
027   0.3580
099   0.3593
167   0.3596
153   0.3600
125   0.3624
149   0.3636
093   0.3636
076   0.3642
165   0.3645
013   0.3651
017   0.3658
151   0.3688
194   0.3692
174   0.3698
019   0.3705
059   0.3709
103   0.3715
126   0.3716
007   0.3740
009   0.3749
180   0.3763
041   0.3775
043   0.3780
036   0.3782
046   0.3795
183   0.3798
050   0.3802
157   0.3809
018   0.3811
012   0.3814
141   0.3818
072   0.3821
024   0.3825
011   0.3826
051   0.3831
031   0.3848
108   0.3856
184   0.3873
065   0.3886
156   0.3909
133   0.3921
026   0.3958
119   0.3960
008   0.3979
169   0.4153
132   0.4194
049   0.4272
063   0.4311
066   0.4327
084   0.4361
