095   0.2592
099   0.2592
042   0.2701
007   0.2713
078   0.2796
029   0.2827
089   0.2839
134   0.2851
061   0.2909
065   0.2909
066   0.2909
057   0.2938
028   0.2943
145   0.2966
143   0.2969
008   0.2976
174   0.2993
146   0.2998
087   0.3000
077   0.3004
050   0.3005
073   0.3010
110   0.3015
023   0.3018
054   0.3020
097   0.3035
004   0.3036
100   0.3046
072   0.3051
024   0.3061
106   0.3062
020   0.3063
197   0.3074
094   0.3077
140   0.3077
113   0.3088
081   0.3091
000   0.3096
058   0.3113
033   0.3113
091   0.3120
031   0.3125
105   0.3128
192   0.3129
138   0.3135
122   0.3137
010   0.3139
178   0.3149
116   0.3154
021   0.3164
040   0.3178
163   0.3182
144   0.3183
037   0.3184
079   0.3186
011   0.3191
022   0.3192
180   0.3199
181   0.3199
117   0.3202
119   0.3202
161   0.3204
193   0.3207
147   0.3212
055   0.3212
127   0.3215
149   0.3221
101   0.3228
074   0.3230
018   0.3231
155   0.3236
167   0.3245
108   0.3249
059   0.3250
153   0.3251
047   0.3253
135   0.3254
085   0.3254
068   0.3255
171   0.3257
064   0.3257
027   0.3258
017   0.3258
076   0.3260
177   0.3261
151   0.3263
112   0.3263
015   0.3264
082   0.3268
169   0.3268
009   0.3269
141   0.3273
130   0.3276
179   0.3277
150   0.3278
036   0.3278
152   0.3281
115   0.3281
032   0.3284
172   0.3291
090   0.3291
183   0.3293
013   0.3297
173   0.3301
175   0.3301
157   0.3313
189   0.3314
045   0.3321
194   0.3324
196   0.3324
160   0.3328
083   0.3329
133   0.3330
002   0.3330
041   0.3332
199   0.3333
044   0.3333
148   0.3335
035   0.3335
062   0.3339
190   0.3341
136   0.3344
139   0.3347
075   0.3354
019   0.3355
067   0.3357
025   0.3357
158   0.3358
198   0.3359
098   0.3367
126   0.3368
191   0.3370
026   0.3373
132   0.3376
107   0.3379
109   0.3379
129   0.3382
084   0.3383
070   0.3386
154   0.3388
121   0.3388
102   0.3389
012   0.3391
030   0.3392
071   0.3393
137   0.3397
039   0.3402
003   0.3412
034   0.3414
001   0.3414
156   0.3414
165   0.3418
120   0.3419
185   0.3425
093   0.3432
170   0.3433
111   0.3434
038   0.3435
056   0.3437
186   0.3438
080   0.3441
049   0.3441
052   0.3443
060   0.3445
048   0.3450
051   0.3450
142   0.3453
043   0.3455
168   0.3458
053   0.3459
063   0.3466
128   0.3475
096   0.3477
187   0.3489
046   0.3490
069   0.3498
118   0.3500
114   0.3508
016   0.3515
195   0.3517
125   0.3519
188   0.3534
159   0.3535
166   0.3537
182   0.3539
092   0.3541
104   0.3543
123   0.3543
005   0.3543
088   0.3545
164   0.3546
124   0.3565
131   0.3573
086   0.3582
103   0.3591
162   0.3592
176   0.3610
006   0.3614
184   0.3643
014   0.3714
