043   0.3709
067   0.3752
135   0.3765
098   0.3774
035   0.3799
086   0.3810
024   0.3817
070   0.3828
042   0.3844
083   0.3852
034   0.3857
133   0.3862
153   0.3868
019   0.3872
178   0.3873
173   0.3873
143   0.3874
088   0.3890
189   0.3891
151   0.3892
158   0.3892
038   0.3898
122   0.3900
137   0.3902
113   0.3921
194   0.3923
062   0.3930
079   0.3933
075   0.3934
182   0.3937
018   0.3937
106   0.3958
125   0.3960
192   0.3965
064   0.3968
021   0.3968
051   0.3972
149   0.3974
063   0.3976
101   0.3977
084   0.3983
168   0.3987
185   0.3988
073   0.3992
126   0.3992
049   0.3993
065   0.3994
066   0.3994
105   0.3996
199   0.3997
147   0.4000
005   0.4004
058   0.4004
074   0.4008
000   0.4008
017   0.4009
139   0.4013
104   0.4017
001   0.4018
150   0.4025
141   0.4026
116   0.4035
170   0.4036
109   0.4038
193   0.4042
081   0.4042
089   0.4046
180   0.4047
093   0.4047
184   0.4047
114   0.4049
025   0.4053
027   0.4054
096   0.4055
095   0.4055
029   0.4057
115   0.4058
186   0.4059
059   0.4060
134   0.4062
069   0.4063
167   0.4065
028   0.4066
037   0.4067
111   0.4067
052   0.4068
047   0.4068
148   0.4070
097   0.4075
011   0.4076
068   0.4077
071   0.4078
155   0.4080
082   0.4080
060   0.4082
195   0.4086
164   0.4087
191   0.4087
054   0.4096
159   0.4096
140   0.4097
012   0.4098
163   0.4106
132   0.4110
076   0.4111
090   0.4112
119   0.4115
146   0.4116
177   0.4118
094   0.4123
015   0.4125
031   0.4127
006   0.4127
120   0.4127
092   0.4128
102   0.4129
156   0.4137
007   0.4138
041   0.4142
036   0.4144
008   0.4145
161   0.4148
091   0.4148
026   0.4154
080   0.4157
061   0.4161
169   0.4161
172   0.4164
100   0.4164
044   0.4165
174   0.4166
197   0.4168
103   0.4169
160   0.4171
046   0.4173
107   0.4176
110   0.4178
057   0.4180
072   0.4191
055   0.4192
188   0.4195
108   0.4196
039   0.4198
085   0.4198
130   0.4205
048   0.4208
183   0.4209
078   0.4210
040   0.4211
162   0.4215
016   0.4216
127   0.4222
124   0.4225
165   0.4231
014   0.4235
179   0.4251
117   0.4254
003   0.4257
053   0.4263
023   0.4297
196   0.4297
138   0.4301
136   0.4305
032   0.4306
190   0.4307
030   0.4311
087   0.4312
145   0.4321
013   0.4325
175   0.4326
142   0.4327
157   0.4340
121   0.4347
128   0.4349
050   0.4358
181   0.4365
022   0.4378
077   0.4380
166   0.4388
198   0.4395
144   0.4396
020   0.4400
131   0.4403
099   0.4409
152   0.4417
002   0.4428
154   0.4430
056   0.4436
187   0.4450
176   0.4461
004   0.4505
171   0.4519
045   0.4530
033   0.4541
009   0.4579
010   0.4666
112   0.4688
123   0.4696
118   0.4784
129   0.4837
