152   0.1634
109   0.1646
145   0.1674
071   0.1698
069   0.1714
147   0.1715
044   0.1728
132   0.1732
074   0.1739
075   0.1750
178   0.1752
123   0.1754
080   0.1758
034   0.1761
193   0.1763
164   0.1776
045   0.1785
148   0.1786
101   0.1793
094   0.1799
035   0.1820
024   0.1820
187   0.1822
117   0.1824
021   0.1832
070   0.1838
030   0.1839
000   0.1839
185   0.1840
165   0.1842
180   0.1846
162   0.1855
057   0.1855
140   0.1856
112   0.1871
018   0.1875
052   0.1882
173   0.1897
150   0.1901
073   0.1903
090   0.1908
022   0.1910
144   0.1911
005   0.1912
158   0.1914
087   0.1920
007   0.1929
126   0.1935
014   0.1938
197   0.1940
188   0.1946
037   0.1954
097   0.1955
127   0.1961
184   0.1967
098   0.1968
040   0.1977
099   0.1989
154   0.1996
122   0.1997
161   0.1999
015   0.2009
124   0.2010
056   0.2015
067   0.2025
013   0.2029
066   0.2030
157   0.2043
061   0.2053
079   0.2053
160   0.2061
062   0.2062
171   0.2062
103   0.2063
058   0.2064
172   0.2066
168   0.2068
072   0.2099
086   0.2099
190   0.2104
198   0.2105
181   0.2109
105   0.2109
036   0.2112
183   0.2117
029   0.2117
129   0.2122
194   0.2123
047   0.2129
195   0.2131
019   0.2131
121   0.2132
042   0.2150
038   0.2150
055   0.2161
108   0.2164
135   0.2165
064   0.2169
002   0.2169
049   0.2173
060   0.2176
128   0.2179
020   0.2189
041   0.2192
001   0.2193
191   0.2193
116   0.2194
110   0.2195
025   0.2197
182   0.2197
026   0.2204
092   0.2207
131   0.2208
012   0.2208
088   0.2211
089   0.2211
196   0.2216
199   0.2216
114   0.2218
050   0.2229
054   0.2231
159   0.2233
174   0.2238
155   0.2245
076   0.2252
011   0.2257
033   0.2263
130   0.2265
177   0.2265
107   0.2265
004   0.2267
017   0.2268
179   0.2273
093   0.2275
113   0.2277
046   0.2295
039   0.2300
151   0.2308
078   0.2309
142   0.2312
141   0.2313
166   0.2326
068   0.2333
008   0.2334
115   0.2334
053   0.2336
031   0.2339
043   0.2355
106   0.2374
100   0.2375
081   0.2376
139   0.2380
134   0.2381
095   0.2383
125   0.2386
118   0.2389
091   0.2395
156   0.2406
065   0.2412
027   0.2413
138   0.2417
167   0.2419
119   0.2434
186   0.2434
032   0.2440
096   0.2449
059   0.2450
153   0.2455
085   0.2466
149   0.2468
146   0.2473
048   0.2479
170   0.2484
163   0.2499
006   0.2507
176   0.2524
120   0.2527
077   0.2533
028   0.2541
133   0.2562
083   0.2564
104   0.2567
003   0.2572
082   0.2577
016   0.2581
136   0.2593
169   0.2607
102   0.2638
009   0.2643
111   0.2683
084   0.2687
010   0.2703
192   0.2703
175   0.2709
051   0.2713
137   0.2768
023   0.2849
063   0.2857
189   0.2895
143   0.3167
