004   0.1927
176   0.2016
057   0.2040
142   0.2081
090   0.2081
085   0.2082
119   0.2087
128   0.2089
082   0.2090
116   0.2095
038   0.2097
148   0.2098
167   0.2099
016   0.2100
072   0.2105
130   0.2108
112   0.2109
047   0.2109
151   0.2111
065   0.2113
055   0.2114
022   0.2114
102   0.2115
117   0.2117
174   0.2117
094   0.2118
028   0.2119
114   0.2119
020   0.2120
071   0.2120
108   0.2123
146   0.2123
014   0.2124
191   0.2125
175   0.2125
056   0.2127
181   0.2128
049   0.2130
046   0.2130
196   0.2131
019   0.2133
083   0.2134
195   0.2135
062   0.2136
070   0.2136
100   0.2137
147   0.2137
006   0.2137
156   0.2138
121   0.2138
064   0.2139
182   0.2139
187   0.2139
021   0.2140
009   0.2140
003   0.2142
032   0.2142
118   0.2143
068   0.2143
051   0.2146
026   0.2148
113   0.2148
025   0.2148
177   0.2149
185   0.2149
010   0.2149
098   0.2150
141   0.2150
163   0.2151
155   0.2151
050   0.2152
126   0.2154
164   0.2155
058   0.2157
189   0.2158
013   0.2159
160   0.2161
165   0.2161
107   0.2161
197   0.2164
078   0.2166
188   0.2168
076   0.2170
140   0.2171
115   0.2172
198   0.2172
104   0.2172
162   0.2175
190   0.2182
193   0.2182
183   0.2182
011   0.2183
044   0.2184
048   0.2185
180   0.2186
161   0.2186
096   0.2190
110   0.2191
095   0.2192
018   0.2192
060   0.2193
088   0.2194
017   0.2195
077   0.2198
031   0.2201
153   0.2203
079   0.2209
080   0.2211
157   0.2212
168   0.2214
124   0.2214
129   0.2218
133   0.2222
015   0.2223
103   0.2223
101   0.2225
166   0.2226
154   0.2227
131   0.2229
000   0.2229
081   0.2230
125   0.2231
073   0.2232
179   0.2232
061   0.2232
008   0.2233
012   0.2235
091   0.2244
099   0.2248
127   0.2249
123   0.2253
054   0.2256
033   0.2256
066   0.2257
069   0.2258
045   0.2270
132   0.2276
039   0.2277
035   0.2278
040   0.2279
178   0.2281
007   0.2289
075   0.2290
170   0.2292
120   0.2294
043   0.2297
034   0.2297
159   0.2300
184   0.2302
144   0.2309
149   0.2310
074   0.2313
053   0.2324
137   0.2324
145   0.2326
005   0.2327
106   0.2328
059   0.2329
109   0.2332
037   0.2337
150   0.2343
143   0.2344
029   0.2350
063   0.2353
041   0.2365
134   0.2367
186   0.2367
192   0.2369
027   0.2372
171   0.2373
111   0.2380
001   0.2408
089   0.2415
135   0.2420
067   0.2422
199   0.2428
036   0.2431
087   0.2438
169   0.2448
138   0.2474
172   0.2476
105   0.2482
024   0.2501
086   0.2502
002   0.2562
136   0.2565
042   0.2591
139   0.2634
122   0.2791
097   0.2791
030   0.2887
023   0.2915
084   0.2970
194   0.2977
052   0.2997
092   0.3004
093   0.3009
158   0.3281
173   0.3367
152   0.3469
