141   0.1639
098   0.1685
006   0.1710
007   0.1764
013   0.1768
169   0.1770
100   0.1792
045   0.1799
048   0.1817
059   0.1823
160   0.1833
050   0.1860
052   0.1867
111   0.1876
083   0.1877
157   0.1890
053   0.1893
116   0.1915
056   0.1921
075   0.1922
028   0.1922
112   0.1926
143   0.1929
044   0.1934
171   0.1938
159   0.1941
181   0.1945
062   0.1959
093   0.1960
040   0.1987
000   0.1996
184   0.1999
027   0.2002
073   0.2011
199   0.2013
119   0.2015
042   0.2021
178   0.2028
197   0.2037
099   0.2038
026   0.2046
046   0.2053
132   0.2068
072   0.2070
135   0.2081
190   0.2087
179   0.2090
095   0.2097
182   0.2098
081   0.2108
188   0.2108
110   0.2109
025   0.2109
089   0.2125
008   0.2127
085   0.2129
164   0.2134
180   0.2135
130   0.2138
063   0.2139
021   0.2166
175   0.2170
158   0.2174
134   0.2174
136   0.2179
037   0.2183
068   0.2183
142   0.2187
035   0.2188
117   0.2197
039   0.2199
029   0.2200
115   0.2202
066   0.2207
129   0.2208
107   0.2209
109   0.2221
105   0.2223
009   0.2225
126   0.2226
195   0.2229
022   0.2232
096   0.2235
038   0.2238
177   0.2238
024   0.2240
152   0.2241
092   0.2241
043   0.2241
176   0.2241
149   0.2244
018   0.2253
120   0.2255
080   0.2260
055   0.2262
133   0.2263
036   0.2279
106   0.2296
121   0.2298
032   0.2298
162   0.2302
005   0.2304
124   0.2314
041   0.2314
077   0.2318
167   0.2324
144   0.2347
150   0.2348
101   0.2359
097   0.2359
003   0.2367
128   0.2375
051   0.2380
192   0.2387
174   0.2390
094   0.2393
191   0.2406
031   0.2414
074   0.2418
137   0.2418
163   0.2423
076   0.2427
173   0.2427
172   0.2429
186   0.2431
189   0.2440
087   0.2452
034   0.2454
012   0.2460
138   0.2461
113   0.2463
118   0.2464
019   0.2468
183   0.2492
057   0.2501
165   0.2503
020   0.2504
104   0.2512
049   0.2512
156   0.2512
102   0.2518
010   0.2521
140   0.2522
090   0.2525
161   0.2529
082   0.2535
108   0.2539
148   0.2544
001   0.2586
060   0.2588
015   0.2594
047   0.2598
058   0.2601
067   0.2602
061   0.2606
193   0.2612
146   0.2616
017   0.2617
139   0.2626
127   0.2643
070   0.2658
065   0.2658
016   0.2659
086   0.2662
155   0.2675
103   0.2680
147   0.2694
170   0.2734
114   0.2735
185   0.2736
023   0.2751
011   0.2753
168   0.2756
166   0.2758
071   0.2763
154   0.2783
122   0.2831
033   0.2853
153   0.2871
123   0.2888
145   0.2893
131   0.2895
194   0.2936
079   0.2976
187   0.2999
054   0.3038
069   0.3063
002   0.3074
125   0.3077
014   0.3096
151   0.3165
088   0.3196
198   0.3203
004   0.3210
091   0.3230
196   0.3296
030   0.3334
064   0.3766
