132   0.1460
097   0.1480
020   0.1482
111   0.1487
136   0.1488
054   0.1493
169   0.1504
085   0.1506
078   0.1507
005   0.1514
050   0.1515
199   0.1515
110   0.1517
039   0.1517
043   0.1519
036   0.1521
067   0.1527
145   0.1528
041   0.1529
096   0.1529
053   0.1529
186   0.1530
159   0.1532
117   0.1533
160   0.1534
008   0.1536
149   0.1539
196   0.1542
118   0.1542
055   0.1546
003   0.1546
108   0.1547
100   0.1548
181   0.1549
093   0.1551
116   0.1552
165   0.1552
099   0.1553
183   0.1553
164   0.1554
090   0.1556
047   0.1556
091   0.1556
022   0.1557
144   0.1558
155   0.1560
190   0.1561
045   0.1563
037   0.1564
034   0.1565
088   0.1566
106   0.1567
082   0.1568
019   0.1573
153   0.1574
167   0.1575
001   0.1579
009   0.1580
074   0.1581
049   0.1582
188   0.1587
176   0.1589
105   0.1589
021   0.1590
071   0.1590
141   0.1592
064   0.1593
143   0.1594
016   0.1598
185   0.1598
068   0.1600
027   0.1600
112   0.1600
174   0.1601
095   0.1601
179   0.1602
177   0.1604
161   0.1604
180   0.1604
182   0.1605
015   0.1605
192   0.1608
092   0.1609
175   0.1609
060   0.1610
035   0.1610
156   0.1612
142   0.1612
029   0.1615
017   0.1616
066   0.1618
109   0.1618
057   0.1619
120   0.1619
119   0.1627
135   0.1628
152   0.1629
069   0.1630
137   0.1630
158   0.1630
122   0.1631
147   0.1631
103   0.1632
198   0.1632
121   0.1634
024   0.1639
101   0.1640
073   0.1640
058   0.1640
168   0.1641
178   0.1641
128   0.1641
154   0.1642
163   0.1643
040   0.1644
063   0.1645
046   0.1646
012   0.1647
077   0.1647
081   0.1648
139   0.1649
006   0.1650
193   0.1656
026   0.1656
187   0.1657
172   0.1657
107   0.1658
080   0.1661
197   0.1661
084   0.1662
025   0.1662
042   0.1663
124   0.1663
129   0.1665
087   0.1666
023   0.1666
013   0.1668
004   0.1670
123   0.1672
114   0.1674
056   0.1676
014   0.1677
104   0.1678
007   0.1679
000   0.1679
086   0.1682
061   0.1683
010   0.1684
170   0.1684
028   0.1685
083   0.1685
076   0.1686
072   0.1686
195   0.1686
070   0.1687
194   0.1687
130   0.1692
173   0.1694
191   0.1694
134   0.1695
030   0.1696
150   0.1697
059   0.1697
098   0.1699
044   0.1702
018   0.1703
157   0.1713
075   0.1715
171   0.1716
062   0.1722
031   0.1725
033   0.1726
094   0.1728
133   0.1731
011   0.1732
048   0.1737
102   0.1737
002   0.1738
032   0.1741
052   0.1742
079   0.1745
051   0.1751
140   0.1763
065   0.1767
166   0.1779
038   0.1801
126   0.1801
113   0.1841
148   0.1916
184   0.2068
