102   0.2051
103   0.2065
097   0.2079
183   0.2093
032   0.2104
055   0.2108
140   0.2109
005   0.2110
192   0.2137
154   0.2141
199   0.2155
123   0.2162
078   0.2170
114   0.2178
081   0.2179
170   0.2208
029   0.2214
116   0.2215
044   0.2219
090   0.2220
010   0.2227
171   0.2228
037   0.2239
056   0.2244
040   0.2254
047   0.2267
121   0.2268
168   0.2288
080   0.2295
117   0.2313
176   0.2320
065   0.2329
164   0.2334
001   0.2334
160   0.2338
157   0.2346
057   0.2351
053   0.2355
059   0.2363
149   0.2364
024   0.2370
038   0.2397
049   0.2409
136   0.2422
025   0.2432
190   0.2439
141   0.2445
013   0.2452
178   0.2476
194   0.2477
020   0.2480
118   0.2483
182   0.2486
018   0.2494
135   0.2497
186   0.2532
177   0.2532
165   0.2533
082   0.2541
134   0.2546
042   0.2552
062   0.2557
106   0.2561
027   0.2577
139   0.2592
060   0.2604
159   0.2623
109   0.2626
019   0.2627
105   0.2630
113   0.2631
155   0.2637
017   0.2647
189   0.2653
188   0.2659
002   0.2660
143   0.2666
152   0.2675
030   0.2681
003   0.2682
046   0.2687
126   0.2697
110   0.2706
052   0.2720
107   0.2740
004   0.2741
031   0.2770
028   0.2777
108   0.2785
050   0.2792
167   0.2795
096   0.2796
088   0.2801
063   0.2824
073   0.2826
129   0.2833
079   0.2838
091   0.2842
127   0.2846
145   0.2848
156   0.2850
074   0.2854
021   0.2873
070   0.2884
133   0.2885
101   0.2888
036   0.2901
142   0.2905
077   0.2907
092   0.2913
184   0.2921
179   0.2934
039   0.2949
131   0.2951
198   0.2975
093   0.2975
119   0.2977
067   0.2996
075   0.3028
087   0.3041
094   0.3054
007   0.3057
158   0.3063
068   0.3067
111   0.3079
045   0.3086
000   0.3103
014   0.3124
191   0.3128
132   0.3177
122   0.3188
112   0.3198
162   0.3200
098   0.3213
185   0.3260
151   0.3272
051   0.3286
120   0.3301
124   0.3302
169   0.3303
008   0.3309
034   0.3315
061   0.3322
026   0.3328
085   0.3330
104   0.3332
161   0.3340
089   0.3348
041   0.3350
174   0.3361
035   0.3364
023   0.3365
153   0.3383
175   0.3412
180   0.3416
197   0.3420
011   0.3420
012   0.3424
138   0.3438
137   0.3442
173   0.3446
058   0.3446
146   0.3456
015   0.3472
069   0.3482
066   0.3495
196   0.3506
150   0.3509
187   0.3553
195   0.3591
148   0.3632
095   0.3652
048   0.3656
054   0.3670
144   0.3683
086   0.3689
071   0.3691
006   0.3702
083   0.3704
076   0.3722
084   0.3746
100   0.3747
128   0.3747
009   0.3747
115   0.3752
172   0.3772
022   0.3790
072   0.3941
043   0.4037
033   0.4047
181   0.4089
064   0.4112
125   0.4145
163   0.4297
147   0.4326
193   0.4351
166   0.4353
016   0.4353
099   0.4361
130   0.4525
