097   0.1429
120   0.1433
118   0.1433
026   0.1436
037   0.1443
091   0.1444
065   0.1445
068   0.1446
117   0.1447
017   0.1447
131   0.1449
191   0.1451
082   0.1452
186   0.1452
128   0.1453
113   0.1455
155   0.1457
193   0.1462
083   0.1465
058   0.1465
129   0.1466
042   0.1466
153   0.1469
014   0.1469
077   0.1470
122   0.1473
085   0.1474
098   0.1475
036   0.1476
004   0.1476
048   0.1480
109   0.1482
199   0.1482
165   0.1483
151   0.1484
148   0.1484
190   0.1486
164   0.1487
108   0.1493
090   0.1495
123   0.1495
049   0.1495
006   0.1495
127   0.1496
000   0.1497
104   0.1497
106   0.1497
107   0.1498
116   0.1498
110   0.1499
007   0.1499
095   0.1499
185   0.1499
050   0.1501
005   0.1501
066   0.1503
167   0.1503
075   0.1504
074   0.1504
070   0.1506
160   0.1508
112   0.1508
069   0.1510
047   0.1511
141   0.1512
086   0.1514
188   0.1514
043   0.1516
125   0.1516
114   0.1517
010   0.1517
033   0.1519
124   0.1520
119   0.1522
192   0.1522
008   0.1523
088   0.1524
071   0.1524
040   0.1527
140   0.1529
174   0.1530
019   0.1530
146   0.1530
089   0.1534
053   0.1535
092   0.1535
130   0.1536
028   0.1537
180   0.1538
149   0.1539
067   0.1540
162   0.1540
115   0.1541
101   0.1541
061   0.1542
143   0.1545
020   0.1545
168   0.1546
081   0.1546
152   0.1546
025   0.1548
016   0.1548
189   0.1549
142   0.1549
087   0.1553
035   0.1553
084   0.1555
159   0.1555
171   0.1558
135   0.1558
134   0.1559
039   0.1561
003   0.1562
195   0.1564
103   0.1567
073   0.1568
137   0.1569
013   0.1570
072   0.1574
166   0.1575
024   0.1575
046   0.1576
111   0.1576
156   0.1577
145   0.1577
102   0.1579
093   0.1581
099   0.1581
059   0.1589
015   0.1589
041   0.1591
002   0.1592
194   0.1593
187   0.1595
001   0.1597
031   0.1602
158   0.1604
170   0.1607
161   0.1611
197   0.1613
121   0.1614
177   0.1615
183   0.1620
057   0.1622
138   0.1623
051   0.1627
034   0.1629
132   0.1629
021   0.1634
182   0.1637
009   0.1644
196   0.1648
178   0.1649
038   0.1649
032   0.1650
045   0.1651
076   0.1652
055   0.1653
136   0.1653
184   0.1653
027   0.1663
064   0.1670
157   0.1671
052   0.1671
080   0.1672
176   0.1676
105   0.1681
018   0.1690
144   0.1694
054   0.1701
063   0.1702
173   0.1704
100   0.1708
150   0.1714
044   0.1715
139   0.1716
060   0.1719
023   0.1721
022   0.1721
126   0.1736
172   0.1737
198   0.1739
133   0.1761
030   0.1774
079   0.1776
163   0.1779
029   0.1779
096   0.1789
179   0.1796
154   0.1796
012   0.1838
062   0.1843
078   0.1846
147   0.1858
181   0.1866
169   0.1879
094   0.1905
011   0.1928
056   0.1936
