002   0.1528
017   0.1530
110   0.1576
015   0.1579
004   0.1589
033   0.1591
153   0.1600
112   0.1605
137   0.1611
184   0.1612
078   0.1616
114   0.1621
042   0.1621
044   0.1621
154   0.1623
190   0.1631
119   0.1632
024   0.1632
179   0.1635
059   0.1640
149   0.1641
167   0.1641
196   0.1642
182   0.1643
126   0.1646
122   0.1648
056   0.1661
120   0.1668
057   0.1669
036   0.1679
135   0.1684
061   0.1687
063   0.1698
096   0.1698
083   0.1699
174   0.1701
162   0.1704
197   0.1704
097   0.1704
047   0.1706
150   0.1708
198   0.1708
075   0.1712
022   0.1727
062   0.1729
186   0.1736
181   0.1738
151   0.1740
099   0.1743
157   0.1747
133   0.1750
082   0.1755
018   0.1757
005   0.1758
173   0.1759
106   0.1761
069   0.1763
027   0.1766
011   0.1779
079   0.1780
060   0.1782
055   0.1784
003   0.1786
013   0.1798
071   0.1800
089   0.1804
048   0.1807
030   0.1809
054   0.1811
010   0.1815
032   0.1817
031   0.1818
156   0.1820
068   0.1822
051   0.1830
086   0.1836
107   0.1841
103   0.1841
180   0.1845
093   0.1845
066   0.1846
189   0.1847
080   0.1851
087   0.1853
064   0.1853
074   0.1857
116   0.1863
109   0.1866
188   0.1867
178   0.1871
070   0.1873
098   0.1874
175   0.1874
139   0.1875
006   0.1877
147   0.1877
168   0.1878
144   0.1878
118   0.1882
009   0.1882
160   0.1883
121   0.1889
034   0.1891
077   0.1918
159   0.1919
125   0.1925
105   0.1927
185   0.1937
115   0.1937
117   0.1938
046   0.1941
091   0.1942
008   0.1945
065   0.1948
152   0.1955
176   0.1962
195   0.1964
111   0.1967
081   0.1968
095   0.1972
136   0.1978
132   0.1978
199   0.1987
143   0.1990
000   0.2004
072   0.2008
045   0.2010
052   0.2010
041   0.2029
021   0.2038
019   0.2043
088   0.2052
104   0.2053
108   0.2060
050   0.2061
102   0.2086
170   0.2106
169   0.2123
194   0.2123
171   0.2126
094   0.2131
191   0.2135
193   0.2136
134   0.2138
130   0.2143
020   0.2143
140   0.2149
076   0.2152
187   0.2154
145   0.2155
058   0.2158
155   0.2161
158   0.2176
007   0.2178
016   0.2181
001   0.2196
026   0.2200
192   0.2207
014   0.2212
163   0.2213
172   0.2235
028   0.2237
127   0.2245
043   0.2247
023   0.2247
100   0.2249
128   0.2277
090   0.2299
148   0.2304
025   0.2307
039   0.2312
161   0.2330
113   0.2331
164   0.2338
037   0.2348
084   0.2376
040   0.2386
142   0.2402
029   0.2407
165   0.2422
129   0.2425
067   0.2433
092   0.2456
101   0.2470
138   0.2486
038   0.2516
131   0.2520
123   0.2522
166   0.2524
177   0.2527
146   0.2536
085   0.2549
012   0.2588
124   0.2620
049   0.2638
053   0.2778
035   0.2884
