116   0.3550
194   0.3580
038   0.3584
039   0.3584
074   0.3585
002   0.3605
158   0.3642
161   0.3645
103   0.3646
182   0.3651
160   0.3659
090   0.3665
166   0.3666
189   0.3680
050   0.3694
117   0.3706
014   0.3713
015   0.3713
078   0.3719
138   0.3719
109   0.3720
058   0.3735
023   0.3741
172   0.3752
175   0.3758
025   0.3771
154   0.3784
079   0.3785
018   0.3787
126   0.3787
012   0.3792
013   0.3792
001   0.3800
003   0.3800
004   0.3800
005   0.3800
006   0.3800
179   0.3801
184   0.3812
115   0.3814
095   0.3814
062   0.3818
114   0.3820
049   0.3825
164   0.3827
150   0.3832
120   0.3833
082   0.3835
048   0.3849
121   0.3852
009   0.3854
061   0.3859
019   0.3860
021   0.3860
152   0.3861
077   0.3871
135   0.3873
056   0.3874
017   0.3878
128   0.3882
083   0.3884
070   0.3892
068   0.3895
191   0.3896
022   0.3896
059   0.3901
199   0.3923
086   0.3924
129   0.3925
195   0.3944
069   0.3945
084   0.3945
047   0.3945
094   0.3950
091   0.3952
055   0.3957
197   0.3962
067   0.3966
071   0.3971
173   0.3973
041   0.3976
112   0.3976
134   0.3977
042   0.3980
131   0.3982
148   0.3984
146   0.3985
130   0.3985
170   0.3986
188   0.3988
010   0.3989
035   0.3993
033   0.4003
196   0.4004
007   0.4005
105   0.4005
151   0.4007
157   0.4008
190   0.4009
075   0.4009
043   0.4014
133   0.4015
027   0.4016
087   0.4016
064   0.4020
145   0.4021
118   0.4024
180   0.4026
176   0.4034
136   0.4037
072   0.4040
104   0.4041
008   0.4042
127   0.4043
177   0.4044
113   0.4046
107   0.4047
142   0.4047
098   0.4048
119   0.4049
097   0.4050
066   0.4053
140   0.4054
045   0.4063
111   0.4066
085   0.4068
026   0.4069
125   0.4070
178   0.4070
100   0.4071
057   0.4079
102   0.4084
040   0.4086
174   0.4087
137   0.4089
092   0.4090
147   0.4090
181   0.4092
029   0.4095
165   0.4097
169   0.4097
099   0.4099
080   0.4100
101   0.4102
141   0.4103
016   0.4108
053   0.4109
037   0.4116
132   0.4116
124   0.4118
089   0.4121
163   0.4124
155   0.4128
032   0.4130
167   0.4137
183   0.4141
000   0.4154
123   0.4156
046   0.4158
036   0.4162
186   0.4164
096   0.4182
044   0.4182
153   0.4185
139   0.4189
159   0.4192
143   0.4212
149   0.4216
054   0.4218
034   0.4223
192   0.4226
051   0.4229
187   0.4235
020   0.4245
028   0.4254
024   0.4256
193   0.4258
156   0.4262
171   0.4266
110   0.4270
162   0.4273
144   0.4300
106   0.4302
073   0.4309
122   0.4315
030   0.4323
031   0.4323
168   0.4326
060   0.4339
076   0.4357
052   0.4369
088   0.4373
063   0.4384
065   0.4415
108   0.4433
185   0.4544
081   0.4578
198   0.4593
093   0.4596
011   0.4610
