116   0.3010
029   0.3094
016   0.3232
144   0.3270
003   0.3302
058   0.3338
088   0.3340
057   0.3343
129   0.3348
015   0.3355
118   0.3383
140   0.3383
159   0.3385
169   0.3416
047   0.3433
186   0.3438
110   0.3452
059   0.3462
079   0.3466
196   0.3498
123   0.3498
067   0.3505
100   0.3513
156   0.3515
192   0.3527
069   0.3539
134   0.3549
072   0.3555
154   0.3558
077   0.3568
023   0.3571
182   0.3576
027   0.3586
051   0.3590
181   0.3597
017   0.3610
139   0.3610
133   0.3623
068   0.3630
001   0.3639
076   0.3649
056   0.3656
035   0.3658
122   0.3659
131   0.3669
066   0.3671
125   0.3688
155   0.3689
109   0.3690
105   0.3690
018   0.3697
174   0.3697
080   0.3698
151   0.3703
064   0.3705
183   0.3707
120   0.3708
093   0.3713
138   0.3717
090   0.3718
176   0.3718
045   0.3730
112   0.3730
055   0.3735
166   0.3736
044   0.3742
188   0.3743
148   0.3744
085   0.3749
062   0.3752
150   0.3763
024   0.3765
039   0.3767
034   0.3769
128   0.3782
021   0.3784
081   0.3786
165   0.3789
049   0.3789
038   0.3790
130   0.3796
107   0.3797
117   0.3804
177   0.3806
060   0.3806
147   0.3812
030   0.3812
063   0.3813
052   0.3816
011   0.3817
135   0.3820
041   0.3828
199   0.3832
075   0.3832
032   0.3847
179   0.3848
195   0.3855
053   0.3858
006   0.3858
111   0.3860
083   0.3861
013   0.3865
031   0.3871
108   0.3886
198   0.3889
002   0.3899
074   0.3900
170   0.3903
104   0.3906
037   0.3909
094   0.3910
132   0.3912
098   0.3915
164   0.3920
127   0.3921
065   0.3931
126   0.3931
036   0.3933
175   0.3933
146   0.3941
020   0.3947
161   0.3958
026   0.3960
095   0.3964
178   0.3965
114   0.3971
149   0.3971
124   0.3976
143   0.3984
168   0.3996
087   0.4000
014   0.4003
004   0.4010
190   0.4015
106   0.4015
119   0.4017
000   0.4018
028   0.4031
193   0.4033
099   0.4034
180   0.4041
097   0.4051
136   0.4059
073   0.4060
142   0.4062
082   0.4082
071   0.4093
157   0.4094
033   0.4094
010   0.4097
048   0.4107
012   0.4108
007   0.4110
197   0.4114
173   0.4115
162   0.4120
141   0.4121
102   0.4126
078   0.4132
005   0.4136
050   0.4140
187   0.4151
046   0.4152
042   0.4158
153   0.4166
084   0.4166
040   0.4171
025   0.4177
101   0.4177
121   0.4195
184   0.4198
070   0.4199
145   0.4200
092   0.4209
054   0.4210
137   0.4212
152   0.4223
158   0.4227
185   0.4233
115   0.4238
160   0.4240
091   0.4242
089   0.4243
191   0.4246
086   0.4246
189   0.4248
103   0.4255
008   0.4264
167   0.4269
022   0.4269
163   0.4285
171   0.4289
009   0.4319
061   0.4322
019   0.4409
096   0.4419
172   0.4427
194   0.4442
043   0.4494
113   0.4568
