119   0.4388
166   0.4432
076   0.4447
174   0.4574
085   0.4604
150   0.4683
070   0.4719
130   0.4757
009   0.4795
181   0.4799
152   0.4816
111   0.4824
100   0.4826
036   0.4828
094   0.4839
169   0.4850
118   0.4864
010   0.4877
052   0.4881
168   0.4883
084   0.4893
176   0.4898
161   0.4900
143   0.4904
136   0.4905
064   0.4912
151   0.4921
053   0.4921
060   0.4929
029   0.4933
023   0.4939
031   0.4943
193   0.4947
195   0.4951
077   0.4954
059   0.4959
182   0.4972
002   0.4977
043   0.4987
035   0.4990
170   0.4998
089   0.4998
116   0.5003
021   0.5008
007   0.5023
099   0.5029
163   0.5034
134   0.5034
097   0.5043
080   0.5046
173   0.5047
108   0.5050
017   0.5051
131   0.5052
172   0.5054
164   0.5060
016   0.5062
091   0.5072
056   0.5075
129   0.5076
135   0.5076
162   0.5081
177   0.5083
189   0.5083
050   0.5083
071   0.5092
074   0.5094
188   0.5094
087   0.5096
042   0.5096
138   0.5104
190   0.5112
120   0.5114
123   0.5119
147   0.5120
039   0.5122
187   0.5125
194   0.5126
175   0.5131
063   0.5134
093   0.5136
027   0.5136
032   0.5139
146   0.5140
165   0.5141
178   0.5144
107   0.5144
012   0.5146
183   0.5148
001   0.5161
186   0.5161
128   0.5169
158   0.5171
066   0.5171
014   0.5173
104   0.5174
133   0.5178
144   0.5185
096   0.5185
153   0.5187
142   0.5192
148   0.5192
185   0.5193
003   0.5194
054   0.5198
022   0.5210
069   0.5212
197   0.5214
155   0.5215
034   0.5220
073   0.5222
005   0.5222
030   0.5226
113   0.5230
011   0.5236
141   0.5237
098   0.5241
124   0.5242
046   0.5247
047   0.5251
049   0.5257
078   0.5261
083   0.5265
020   0.5265
008   0.5266
062   0.5266
037   0.5268
045   0.5270
139   0.5276
159   0.5278
024   0.5278
058   0.5279
145   0.5279
160   0.5280
180   0.5281
051   0.5282
004   0.5282
106   0.5284
196   0.5284
088   0.5286
125   0.5293
137   0.5296
092   0.5296
079   0.5303
149   0.5304
044   0.5309
081   0.5310
157   0.5314
109   0.5316
114   0.5321
140   0.5322
038   0.5327
086   0.5331
075   0.5331
167   0.5336
191   0.5337
033   0.5338
110   0.5343
117   0.5345
000   0.5345
041   0.5348
184   0.5355
154   0.5356
006   0.5360
105   0.5362
082   0.5368
065   0.5370
026   0.5371
040   0.5375
103   0.5381
018   0.5382
028   0.5383
101   0.5384
156   0.5387
025   0.5388
179   0.5396
068   0.5398
090   0.5399
015   0.5406
072   0.5407
121   0.5414
192   0.5414
132   0.5416
126   0.5425
061   0.5426
067   0.5430
095   0.5439
102   0.5440
122   0.5441
199   0.5442
112   0.5450
057   0.5476
127   0.5477
019   0.5507
055   0.5514
013   0.5531
048   0.5571
198   0.5666
115   0.5679
171   0.5773
