116   0.2086
147   0.2097
182   0.2098
118   0.2100
023   0.2100
062   0.2108
058   0.2108
079   0.2109
055   0.2110
050   0.2110
020   0.2111
067   0.2111
158   0.2113
012   0.2115
192   0.2115
191   0.2115
032   0.2115
170   0.2117
196   0.2118
002   0.2118
056   0.2118
141   0.2119
149   0.2119
144   0.2120
161   0.2120
138   0.2121
026   0.2121
115   0.2122
025   0.2123
122   0.2123
018   0.2124
049   0.2124
087   0.2124
128   0.2125
174   0.2125
078   0.2126
167   0.2126
061   0.2128
172   0.2129
133   0.2129
160   0.2130
107   0.2131
075   0.2132
010   0.2132
029   0.2132
105   0.2133
011   0.2133
194   0.2133
069   0.2134
101   0.2134
109   0.2135
154   0.2136
193   0.2136
086   0.2137
019   0.2137
022   0.2137
197   0.2137
148   0.2138
136   0.2138
114   0.2138
009   0.2138
135   0.2139
157   0.2141
189   0.2141
164   0.2141
177   0.2141
171   0.2142
199   0.2142
093   0.2142
084   0.2142
163   0.2143
126   0.2143
142   0.2144
175   0.2144
113   0.2144
000   0.2144
089   0.2144
014   0.2144
057   0.2145
102   0.2145
169   0.2145
027   0.2146
097   0.2146
036   0.2146
090   0.2147
080   0.2147
181   0.2148
108   0.2149
015   0.2149
140   0.2150
130   0.2150
099   0.2151
124   0.2151
054   0.2151
035   0.2151
145   0.2152
031   0.2152
072   0.2153
153   0.2153
104   0.2154
053   0.2154
129   0.2155
178   0.2155
103   0.2156
070   0.2156
180   0.2157
120   0.2157
060   0.2157
059   0.2157
016   0.2157
137   0.2158
151   0.2158
004   0.2159
071   0.2160
143   0.2161
165   0.2161
188   0.2161
187   0.2162
068   0.2162
047   0.2162
100   0.2163
006   0.2163
176   0.2164
088   0.2164
134   0.2164
184   0.2164
082   0.2165
146   0.2166
001   0.2167
179   0.2167
119   0.2168
162   0.2168
183   0.2169
123   0.2169
064   0.2170
096   0.2170
017   0.2170
024   0.2170
066   0.2171
045   0.2171
132   0.2172
077   0.2173
042   0.2173
185   0.2173
073   0.2174
003   0.2174
095   0.2175
159   0.2175
008   0.2177
110   0.2178
121   0.2179
166   0.2179
033   0.2179
083   0.2180
007   0.2180
074   0.2181
190   0.2182
038   0.2182
076   0.2182
139   0.2182
065   0.2183
092   0.2184
041   0.2184
131   0.2186
052   0.2186
028   0.2186
152   0.2186
127   0.2187
039   0.2191
168   0.2192
040   0.2192
150   0.2192
195   0.2195
125   0.2195
005   0.2196
098   0.2197
173   0.2197
046   0.2200
043   0.2202
155   0.2203
111   0.2203
094   0.2205
156   0.2205
044   0.2208
030   0.2210
085   0.2211
051   0.2214
106   0.2216
112   0.2217
037   0.2222
117   0.2225
034   0.2227
021   0.2231
013   0.2231
186   0.2237
063   0.2244
198   0.2251
091   0.2298
081   0.2326
048   0.2385
