118   0.1540
036   0.1558
050   0.1566
184   0.1568
109   0.1570
131   0.1570
144   0.1570
137   0.1575
188   0.1575
159   0.1577
171   0.1577
161   0.1578
093   0.1580
070   0.1580
020   0.1581
054   0.1583
175   0.1584
083   0.1585
006   0.1585
027   0.1586
011   0.1587
028   0.1589
058   0.1590
124   0.1591
135   0.1591
018   0.1592
016   0.1592
103   0.1593
037   0.1594
179   0.1595
149   0.1595
130   0.1596
113   0.1596
110   0.1597
173   0.1597
062   0.1597
169   0.1597
197   0.1598
004   0.1598
015   0.1599
080   0.1599
066   0.1600
086   0.1600
063   0.1601
012   0.1601
074   0.1601
082   0.1602
115   0.1602
189   0.1602
075   0.1603
164   0.1604
157   0.1604
047   0.1604
081   0.1604
125   0.1605
150   0.1605
001   0.1606
100   0.1606
119   0.1607
163   0.1608
139   0.1608
019   0.1609
071   0.1609
107   0.1609
193   0.1610
126   0.1610
114   0.1610
098   0.1610
140   0.1610
090   0.1610
029   0.1610
065   0.1611
106   0.1612
099   0.1612
129   0.1613
007   0.1614
094   0.1614
134   0.1614
061   0.1615
133   0.1616
154   0.1616
095   0.1617
089   0.1619
055   0.1619
085   0.1621
141   0.1621
123   0.1622
199   0.1622
177   0.1622
038   0.1623
031   0.1623
155   0.1623
196   0.1623
052   0.1626
033   0.1628
051   0.1628
127   0.1628
003   0.1629
198   0.1630
042   0.1630
183   0.1633
162   0.1635
043   0.1635
046   0.1635
073   0.1635
111   0.1636
023   0.1637
064   0.1637
170   0.1637
079   0.1638
191   0.1638
087   0.1639
174   0.1639
168   0.1639
030   0.1640
068   0.1640
187   0.1640
076   0.1640
172   0.1641
121   0.1641
146   0.1642
145   0.1643
143   0.1643
084   0.1644
151   0.1645
049   0.1646
147   0.1647
069   0.1648
091   0.1648
000   0.1650
017   0.1650
116   0.1651
013   0.1652
026   0.1652
180   0.1653
182   0.1654
181   0.1654
077   0.1654
190   0.1654
158   0.1655
025   0.1656
097   0.1658
014   0.1658
153   0.1658
056   0.1659
009   0.1659
176   0.1659
005   0.1660
165   0.1660
057   0.1660
092   0.1661
053   0.1664
101   0.1666
128   0.1667
142   0.1671
072   0.1671
104   0.1676
132   0.1678
039   0.1679
195   0.1681
117   0.1682
192   0.1682
088   0.1683
138   0.1683
034   0.1686
040   0.1688
022   0.1688
010   0.1690
024   0.1691
008   0.1692
108   0.1693
060   0.1695
059   0.1698
112   0.1702
136   0.1702
032   0.1702
096   0.1703
194   0.1704
045   0.1706
048   0.1708
044   0.1710
105   0.1711
002   0.1714
178   0.1717
167   0.1719
166   0.1723
148   0.1725
160   0.1731
152   0.1739
156   0.1770
120   0.1813
078   0.1850
122   0.1890
035   0.1904
186   0.1905
021   0.1914
185   0.1955
041   0.1971
067   0.1982
102   0.1989
