037   0.3482
026   0.3484
000   0.3489
092   0.3502
138   0.3533
012   0.3537
033   0.3551
083   0.3600
070   0.3607
143   0.3612
157   0.3629
173   0.3641
117   0.3650
165   0.3675
099   0.3679
102   0.3680
078   0.3681
003   0.3684
036   0.3692
144   0.3693
150   0.3694
075   0.3694
063   0.3697
170   0.3697
103   0.3699
072   0.3704
124   0.3705
135   0.3707
046   0.3710
154   0.3720
189   0.3722
196   0.3725
168   0.3726
018   0.3727
048   0.3730
108   0.3732
060   0.3732
159   0.3734
038   0.3743
183   0.3743
002   0.3748
057   0.3751
158   0.3754
047   0.3754
086   0.3755
090   0.3759
161   0.3768
045   0.3771
052   0.3778
074   0.3784
122   0.3788
151   0.3790
093   0.3791
055   0.3793
179   0.3799
006   0.3800
051   0.3802
185   0.3803
050   0.3813
145   0.3813
142   0.3814
021   0.3815
056   0.3818
096   0.3819
080   0.3819
013   0.3823
167   0.3824
030   0.3825
065   0.3825
069   0.3825
035   0.3830
180   0.3830
077   0.3831
197   0.3837
199   0.3845
198   0.3861
054   0.3861
088   0.3861
164   0.3864
110   0.3865
071   0.3868
166   0.3868
031   0.3870
137   0.3871
001   0.3872
011   0.3875
039   0.3875
181   0.3878
127   0.3879
116   0.3881
176   0.3885
061   0.3885
032   0.3898
147   0.3898
079   0.3901
097   0.3908
134   0.3919
114   0.3921
020   0.3921
091   0.3922
004   0.3925
008   0.3928
152   0.3929
101   0.3930
139   0.3931
126   0.3941
025   0.3945
160   0.3945
191   0.3947
178   0.3949
007   0.3954
081   0.3958
121   0.3959
089   0.3963
184   0.3975
174   0.3983
195   0.3996
129   0.4000
066   0.4001
041   0.4009
128   0.4017
044   0.4019
027   0.4025
136   0.4025
087   0.4026
105   0.4037
095   0.4041
064   0.4042
171   0.4049
029   0.4049
193   0.4053
172   0.4057
084   0.4058
169   0.4066
019   0.4070
153   0.4071
067   0.4082
014   0.4085
015   0.4086
155   0.4094
024   0.4099
177   0.4099
120   0.4099
073   0.4102
049   0.4110
146   0.4118
186   0.4118
187   0.4119
149   0.4121
076   0.4122
043   0.4125
016   0.4125
115   0.4127
017   0.4128
111   0.4128
163   0.4136
098   0.4136
085   0.4138
112   0.4143
148   0.4148
009   0.4153
119   0.4154
156   0.4154
094   0.4156
131   0.4156
109   0.4158
107   0.4158
132   0.4159
053   0.4160
042   0.4161
182   0.4162
133   0.4164
104   0.4166
040   0.4166
010   0.4167
028   0.4168
113   0.4168
162   0.4169
058   0.4169
062   0.4171
140   0.4172
059   0.4172
190   0.4173
022   0.4175
106   0.4182
192   0.4184
118   0.4192
175   0.4201
130   0.4204
194   0.4205
023   0.4217
068   0.4222
034   0.4223
082   0.4224
005   0.4224
125   0.4228
100   0.4230
188   0.4238
141   0.4251
123   0.4253
