063   0.1427
051   0.1429
165   0.1431
137   0.1431
153   0.1432
164   0.1432
184   0.1434
041   0.1434
096   0.1434
082   0.1434
067   0.1434
071   0.1435
002   0.1435
186   0.1435
106   0.1436
057   0.1436
086   0.1436
138   0.1436
196   0.1437
103   0.1438
056   0.1438
012   0.1438
062   0.1438
171   0.1438
124   0.1438
193   0.1438
111   0.1439
146   0.1439
102   0.1439
094   0.1439
040   0.1439
168   0.1440
005   0.1440
182   0.1440
194   0.1440
148   0.1440
110   0.1441
089   0.1441
116   0.1441
169   0.1441
150   0.1441
139   0.1441
160   0.1442
149   0.1442
144   0.1442
039   0.1442
156   0.1442
142   0.1442
099   0.1443
189   0.1444
145   0.1444
079   0.1444
135   0.1445
134   0.1445
027   0.1446
059   0.1446
115   0.1446
007   0.1447
132   0.1447
162   0.1448
147   0.1448
140   0.1448
064   0.1448
038   0.1448
185   0.1448
157   0.1449
123   0.1449
090   0.1450
013   0.1450
084   0.1450
170   0.1451
014   0.1452
081   0.1452
008   0.1453
046   0.1453
017   0.1454
163   0.1454
167   0.1455
016   0.1455
173   0.1455
191   0.1456
010   0.1458
126   0.1458
198   0.1458
190   0.1459
155   0.1459
179   0.1459
078   0.1459
074   0.1460
154   0.1460
159   0.1460
032   0.1461
113   0.1461
108   0.1463
052   0.1463
083   0.1463
042   0.1464
112   0.1464
178   0.1466
048   0.1466
192   0.1467
100   0.1468
023   0.1470
068   0.1470
043   0.1471
019   0.1472
199   0.1472
080   0.1473
131   0.1473
061   0.1474
025   0.1474
058   0.1474
060   0.1477
069   0.1477
087   0.1478
095   0.1479
037   0.1479
197   0.1480
105   0.1481
101   0.1481
030   0.1482
003   0.1482
125   0.1483
026   0.1483
049   0.1484
001   0.1484
072   0.1485
004   0.1485
152   0.1486
091   0.1486
024   0.1486
158   0.1486
104   0.1487
127   0.1487
092   0.1487
130   0.1488
065   0.1489
114   0.1489
122   0.1490
118   0.1491
172   0.1491
018   0.1492
031   0.1492
129   0.1492
119   0.1492
161   0.1493
044   0.1493
020   0.1493
174   0.1493
011   0.1493
006   0.1496
098   0.1496
117   0.1496
053   0.1496
166   0.1496
077   0.1497
121   0.1497
045   0.1497
143   0.1499
128   0.1499
028   0.1499
034   0.1501
176   0.1501
047   0.1502
141   0.1503
183   0.1505
151   0.1505
093   0.1506
181   0.1506
054   0.1507
033   0.1507
177   0.1508
075   0.1509
070   0.1509
029   0.1510
180   0.1512
076   0.1512
133   0.1512
136   0.1512
015   0.1513
195   0.1513
000   0.1513
022   0.1514
073   0.1515
036   0.1516
085   0.1516
050   0.1517
097   0.1518
088   0.1518
055   0.1521
187   0.1521
009   0.1525
035   0.1525
188   0.1532
107   0.1536
120   0.1538
066   0.1539
021   0.1541
109   0.1557
175   0.1558
