163   0.4538
190   0.4771
167   0.4835
035   0.4843
091   0.4864
092   0.4876
119   0.4945
187   0.4979
170   0.4984
171   0.4987
121   0.4990
103   0.5020
152   0.5067
161   0.5073
142   0.5074
023   0.5075
133   0.5075
154   0.5090
064   0.5121
131   0.5131
000   0.5133
011   0.5145
078   0.5148
031   0.5154
094   0.5177
132   0.5182
164   0.5183
179   0.5184
070   0.5196
178   0.5202
038   0.5208
195   0.5217
162   0.5218
198   0.5219
076   0.5220
137   0.5228
098   0.5231
123   0.5239
034   0.5243
180   0.5245
130   0.5246
032   0.5249
058   0.5253
007   0.5264
165   0.5264
182   0.5279
050   0.5280
125   0.5284
158   0.5285
062   0.5293
102   0.5293
149   0.5304
003   0.5307
093   0.5308
120   0.5309
077   0.5324
071   0.5324
185   0.5330
037   0.5335
066   0.5337
052   0.5345
030   0.5351
108   0.5366
046   0.5374
004   0.5374
045   0.5375
144   0.5378
006   0.5385
166   0.5386
109   0.5388
183   0.5400
036   0.5407
100   0.5409
160   0.5410
056   0.5410
155   0.5417
169   0.5419
005   0.5425
106   0.5429
111   0.5432
053   0.5434
096   0.5441
020   0.5441
043   0.5455
136   0.5458
188   0.5461
008   0.5463
151   0.5466
139   0.5468
079   0.5473
153   0.5475
127   0.5480
068   0.5484
049   0.5485
089   0.5489
061   0.5490
110   0.5494
026   0.5499
016   0.5506
083   0.5506
095   0.5507
099   0.5507
051   0.5507
126   0.5512
033   0.5516
022   0.5518
192   0.5522
112   0.5525
174   0.5531
085   0.5534
143   0.5535
107   0.5539
090   0.5540
073   0.5541
146   0.5546
063   0.5548
191   0.5551
145   0.5555
019   0.5555
074   0.5559
177   0.5564
157   0.5569
081   0.5571
156   0.5572
001   0.5575
060   0.5578
039   0.5586
168   0.5587
075   0.5591
067   0.5594
186   0.5598
072   0.5599
194   0.5602
012   0.5609
018   0.5610
048   0.5610
141   0.5619
173   0.5621
047   0.5626
116   0.5629
002   0.5630
024   0.5633
013   0.5638
175   0.5642
025   0.5646
029   0.5647
147   0.5661
181   0.5667
057   0.5668
129   0.5677
027   0.5686
138   0.5686
189   0.5693
159   0.5697
041   0.5711
115   0.5716
086   0.5718
134   0.5722
117   0.5725
028   0.5727
104   0.5728
055   0.5734
059   0.5735
199   0.5739
148   0.5742
122   0.5743
184   0.5748
097   0.5755
040   0.5760
017   0.5763
197   0.5774
087   0.5774
082   0.5781
128   0.5785
118   0.5787
042   0.5790
176   0.5800
069   0.5815
150   0.5831
124   0.5844
009   0.5844
080   0.5844
084   0.5856
196   0.5859
172   0.5859
140   0.5860
015   0.5877
113   0.5890
135   0.5903
193   0.5942
088   0.5965
114   0.5976
044   0.6006
101   0.6023
014   0.6027
105   0.6084
010   0.6089
021   0.6110
054   0.6209
065   0.6225
