030   0.1645
051   0.1665
050   0.1669
020   0.1672
011   0.1680
059   0.1693
099   0.1693
076   0.1694
021   0.1695
101   0.1697
171   0.1697
014   0.1698
113   0.1700
055   0.1702
140   0.1703
082   0.1703
024   0.1703
167   0.1704
173   0.1704
104   0.1706
009   0.1706
136   0.1707
168   0.1708
143   0.1708
105   0.1709
063   0.1709
124   0.1712
041   0.1713
008   0.1713
179   0.1714
016   0.1715
169   0.1715
166   0.1715
032   0.1716
040   0.1716
127   0.1716
062   0.1717
067   0.1717
094   0.1718
122   0.1718
022   0.1719
198   0.1719
078   0.1719
114   0.1720
001   0.1720
073   0.1720
042   0.1721
123   0.1721
017   0.1721
057   0.1722
135   0.1723
115   0.1723
025   0.1723
068   0.1724
128   0.1725
058   0.1725
007   0.1725
192   0.1725
084   0.1725
170   0.1725
012   0.1727
035   0.1727
182   0.1728
028   0.1729
093   0.1729
070   0.1729
097   0.1730
174   0.1730
049   0.1731
154   0.1731
036   0.1731
132   0.1731
010   0.1732
196   0.1732
074   0.1732
181   0.1733
048   0.1734
131   0.1734
026   0.1735
054   0.1735
146   0.1735
087   0.1735
151   0.1735
165   0.1736
015   0.1736
178   0.1736
098   0.1736
034   0.1736
066   0.1736
044   0.1737
190   0.1737
163   0.1738
065   0.1739
019   0.1739
033   0.1740
080   0.1740
109   0.1740
180   0.1740
085   0.1741
108   0.1742
092   0.1742
160   0.1742
045   0.1744
164   0.1745
183   0.1745
141   0.1746
145   0.1746
126   0.1746
075   0.1746
053   0.1747
152   0.1747
086   0.1747
194   0.1748
197   0.1748
150   0.1749
043   0.1749
103   0.1749
185   0.1750
118   0.1750
038   0.1751
031   0.1752
120   0.1752
184   0.1753
039   0.1753
139   0.1753
003   0.1754
130   0.1754
111   0.1755
157   0.1755
013   0.1757
047   0.1758
052   0.1758
056   0.1759
102   0.1760
158   0.1761
004   0.1761
172   0.1762
110   0.1762
195   0.1762
142   0.1763
129   0.1764
091   0.1766
193   0.1766
199   0.1766
060   0.1768
177   0.1768
117   0.1769
061   0.1769
018   0.1769
088   0.1770
121   0.1770
023   0.1770
029   0.1771
134   0.1773
100   0.1774
144   0.1775
149   0.1776
081   0.1776
090   0.1776
096   0.1777
000   0.1779
072   0.1783
162   0.1785
079   0.1789
107   0.1790
046   0.1797
002   0.1800
005   0.1800
137   0.1802
153   0.1804
161   0.1805
186   0.1810
156   0.1812
069   0.1816
095   0.1816
089   0.1817
027   0.1823
116   0.1832
155   0.1835
138   0.1835
006   0.1836
191   0.1841
071   0.1860
037   0.1903
064   0.1927
